1.25963016554
2.04495919097
2.82169703462
3.76865575803
4.54925268532
5.02195297383
5.46206546252
5.91052823766
6.45664587334
6.87126219099
7.31662152252
8.90473738273
9.34561079779
9.79284129346
9.83087149284
10.4720482283
10.9088170728
11.3576162702
11.8015458886
12.2507918843
12.6630070068
12.9330888334
13.3707324926
13.6096072748
14.2678609908
15.0434352947
15.3507115132
15.79664787
16.2747668561
17.327922728
17.9495941447
18.3955832407
18.836762573
19.2825008256
19.7312510296
20.178293644
20.6262623948
20.8974314963
21.3299195225
21.7698859695
22.1798921027
22.6162324857
23.0524196102
23.481914977
23.9049415469
24.3769926902
24.8146529491
25.2562436929
25.6953576372
26.1412780562
26.9004737251
26.9467911713
27.2181926622
27.6574612844
28.3824572427
29.0396900564
29.3736145483
29.8167837907
30.2203773399
30.5272791407
30.99234838
31.7561890408
32.2014181946
32.3462992265
32.7489773938
33.1900265016
33.244336416
33.2827754316
33.5871979562
33.8984296726
34.1375202692
34.9806667681
35.3867676508
36.5696285267
37.4058816389
37.4547557632
38.2894312147
38.4203311334
38.5508184202
38.9928978155
39.9448281217
39.9897482703
40.4233114373
40.8634192833
41.3649354052
41.7945419643
42.2316783601
42.6727952708
42.8453153604
43.2668702385
43.7159607655
44.4421331316
44.4832138556
44.9302628689
45.3605724034
45.7534386942
46.1304627237
46.4980000751
46.9379706505
47.4810040884
48.2318425761
48.5178767302
48.5597573812
48.8796211305
49.2963448409
49.6518981034
50.4633193684
50.9082431957
51.3023499696
52.0844570226
52.6033450568
53.4408035722
53.4856536688
53.6601785036
53.7834024806
54.2331049474
54.8975239722
55.6755420858
55.961216153
56.4088108201
56.8480604363
56.8927219938
57.3433612955
57.7812261579
57.8409115725
58.3679133991
58.8126216463
59.2605575017
59.6963708506
60.1446706032
60.588347559
61.0365725979
61.1610023551
61.5979941043
62.4342903743
63.2600313697
63.9197334359
64.4056262553
64.8491691993
65.2957019245
65.7373661898
66.1831632465
66.6334050951
67.0306102379
67.5069800279
67.9542397561
68.2251915174
68.6672039847
69.5036317747
70.3359627769
71.1378580162
71.9783346646
72.0329024491
72.4591997461
72.9017565691
73.3358076015
73.3920479283
73.8425275031
74.288014665
74.7233526175
75.1675875227
75.6149697672
76.0528398401
76.4955070199
76.9375243699
77.3809111634
77.8228432368
78.2236677594
78.6639478924
79.152354627
79.2059853167
79.6320390578
79.9526330948
80.3872892507
80.7652449273
81.4601698444
81.8736835212
81.9179627521
82.3510764347
82.9150440889
83.5074593759
83.9341705812
84.7334832634
85.5741470354
85.7511020855
86.3330571874
86.7803881887
87.4996970775
87.9412421327
88.3891547877
88.8368456852
89.2859037619
89.7297013982
90.1482342375
90.5836740729
91.0266132099
91.4430474534
91.8501014578
92.5866728203
93.1186359731
93.1909713607
93.6328688733
94.0772291986
94.5218646188
95.0761391675
95.1148553452
95.5573294534
96.0017642378
96.4423974737
96.7201283327
97.1516956544
97.1936267349
97.7905364512
98.3075202561
98.451060874
98.8918625689
99.4435178146
100.183649234
100.62183669
101.069435115
101.518130388
101.96106661
102.410489652
102.853390774
103.299783319
103.749344025
104.181747348
104.549652217
104.988254543
105.33034169
106.151895018
106.565433447
107.004292693
107.440688884
107.563212603
107.858587592
108.703864358
109.551643959
110.362040895
111.31676634
112.083002568
112.889333117
112.968354136
113.44084969
114.263072423
114.968372457
115.458391867
115.787950486
116.236772737
116.28243104
117.092131682
117.498912919
117.939594264
118.384471169
119.220009073
119.66355108
120.49706803
120.937475095
121.38435331
121.833020466
121.885414353
122.301001894
122.746534083
123.433595847
123.872172658
124.428182355
124.872679812
125.412805595
125.972704181
126.018571508
126.466449599
126.914594993
127.363663453
127.81330237
128.261245242
128.709562708
129.158023166
129.607279653
130.056555094
130.506212882
130.955634122
131.404545996
131.854481408
131.966443107
132.41637436
132.865813577
133.315239715
133.76363159
134.165860965
134.614790696
135.049855327
135.496302327
136.07498628
136.149906012
136.594525537
137.059823337
137.107650045
137.556648904
138.003709282
138.452026473
138.884432083
139.333396992
139.782130144
139.84191281
140.290627553
140.740023988
141.195842406
141.64566977
142.093901745
142.361645234
142.80289904
143.251259274
143.816831438
144.281155871
144.721855778
145.531142919
145.9779671
146.428714157
146.880721639
147.324907208
147.769833167
148.21636243
148.665853991
149.115250826
149.563113703
150.008828139
150.052606154
150.512057834
150.951846664
151.401666819
151.851229567
152.300243918
152.756219976
153.200574062
153.650224127
154.098692693
154.547948333
154.997612183
155.447261253
155.89650606
156.345003319
156.817528354
157.267069564
157.691121123
158.140915747
158.5861912
159.033799936
159.4822587
159.90885789
160.357960758
160.803026747
161.270769416
161.525150407
161.973696769
162.789153917
163.634965737
164.43223643
165.161698768
165.60524488
165.987104437
166.436008522
166.882383041
167.331068031
167.744236017
168.18960344
168.636480567
169.080879134
169.527672757
169.972882612
170.396967317
170.841117281
171.286513062
171.491528477
171.573907901
172.420758837
173.27064974
174.120078316
174.969985488
175.819808275
175.869484101
175.917876352
176.767745353
177.617363803
178.464142499
179.314045352
180.163720362
181.012566855
181.862407285
182.709111584
183.528215751
184.377944301
185.225689283
186.075082503
186.924113943
187.772450394
188.62229811
189.4688568
190.31872143
191.1684553
192.014826463
192.864509938
193.714051399
193.763712525
194.612482233
195.463057997
196.317337931
197.1651397
198.014825716
198.864763447
199.547669737
200.397550795
201.646930309
202.096772219
202.546396835
202.985130059
204.197348555
205.33744041
206.182012838
207.030261388
207.820102302
208.66836895
209.516829234
210.389653921
210.83538681
211.685061559
212.534935146
213.384881327
214.23364697
215.083530268
215.531225679
216.380843016
217.230634691
218.08048124
218.929449609
219.778703978
220.224964741
221.074908653
221.924649386
221.974617389
222.824547294
223.665423148
224.514327064
224.564247695
225.41413019
226.264081569
227.108754952
227.954531363
228.804362796
229.654235334
230.504023463
231.353979697
232.203238151
233.05315675
233.891937341
234.741891637
235.591742118
236.43397639
237.281747565
238.097280088
238.945761411
239.794887699
239.842582312
240.290855614
241.138102149
241.582439783
242.430563766
243.279936092
244.16275706
245.411647858
246.256401445
247.103766114
247.952775623
248.801852454
249.633665255
250.476150447
251.325068624
252.172097648
253.01703601
253.866631268
254.722339152
255.567204319
255.61203819
256.455814888
257.303548744
258.152293713
258.883483192
259.728752486
260.972689489
262.212865144
263.458802868
264.707102795
265.95295558
267.185332867
268.3542742
269.483035341
270.323979724
271.173396238
272.023060862
272.871160456
273.72019948
274.569977134
275.419229395
276.268902615
277.118468715
277.968169618
278.817843736
279.665110111
280.514628986
281.363904016
282.213535142
283.061989291
283.911783156
284.761395879
285.610063237
286.457038264
287.306676788
288.156168817
289.005409914
289.850987303
290.698541516
291.547768182
292.397199074
293.246663365
294.094143596
294.554432249
295.396897529
295.845609459
296.69479297
297.544322248
298.369878774
299.219546283
299.26402587
300.111513113
300.956904532
301.803058894
302.651245927
303.499548467
304.346525223
305.180117834
306.028827536
306.87754063
307.099405417
307.927804379
308.777249737
309.624503698
310.473178756
311.592767011
312.426150257
313.275264162
314.12348442
314.972569534
315.819818105
316.668720379
317.514939157
318.363338825
319.207092461
320.056525896
320.904361952
321.75096763
322.595598595
323.444710932
324.2890783
325.138106509
325.989674702
326.037771911
326.87772266
327.727308687
328.575419944
329.422423508
329.469468973
330.316853627
331.16074949
332.008856033
332.835039065
333.683467516
334.543744451
334.588253525
335.420485492
336.266638487
337.104058477
337.953209761
338.799335964
339.647506112
340.492676716
341.3385212
341.381156371
342.228009593
343.071066034
343.91682568
344.760030116
344.808673223
345.654134456
346.488032391
347.299991867
348.142510128
348.984763555
349.829771342
350.619303301
351.384651215
352.523245117
353.767959455
354.872575443
355.739049048
356.584618985
357.142345885
357.188498353
357.630900595
358.732159654
359.579196283
360.151382918
360.998004608
362.244631162
363.050940975
364.047531383
365.13898767
365.98765976
366.030188626
367.097291168
368.041888746
368.889851277
369.739327399
370.589211603
371.611618263
372.461564869
373.31144017
374.161347778
375.011305871
375.861198993
376.71068422
377.560259034
378.409808359
379.259544002
380.109516868
380.959450368
381.809349062
382.659105197
383.509009803
384.358837689
385.208781147
386.058724122
386.908665106
387.758506373
388.60775388
389.457617566
390.30740551
391.157334286
392.006920808
392.056768445
392.642651382
393.492588059
394.528154423
395.375234713
396.225160009
397.075107521
397.925059863
397.974911624
398.824816618
399.673632218
400.523607104
401.373464466
402.223325698
402.273089021
403.123016578
403.172923138
404.022791152
404.872762589
405.722726727
406.572693068
407.422576054
408.272482935
409.122355164
409.9606995
410.810629917
411.659114902
412.503432028
413.353111998
414.202969614
414.252907576
415.102763569
415.952725681
416.002586251
416.852541973
416.902284856
417.752214138
418.601910396
419.45168844
420.301646982
421.151611545
422.001439905
422.851325753
423.701113647
424.513726058
424.563697955
425.412446846
426.262411034
427.111825242
427.959667314
428.009572598
428.504807449
429.354770174
429.404603991
430.252195325
431.101720437
431.951668705
432.801612252
434.050823015
434.100252179
434.947990699
435.795833882
436.64510082
437.285548139
437.734609981
438.983903274
440.232676741
441.481659374
442.728746338
443.976727312
444.418937512
444.537603483
445.758941287
446.606076207
447.455925229
448.305825599
449.151970861
450.001845978
450.976066392
452.09154167
452.941398321
453.791069951
453.840871722
454.690813245
455.54039045
456.387769072
457.237614133
458.087347156
458.937175175
459.786848589
460.636668357
461.48659035
462.336233284
463.185235203
464.035079784
464.084991532
464.934776286
465.784697443
466.634543527
466.684410431
467.533954272
468.383717784
468.43356877
469.283476563
470.132271037
470.981983208
471.831871966
471.881782402
472.731607757
473.581211287
474.43074444
475.279895623
476.129600152
476.979393068
477.827566202
478.675592818
479.525303648
480.375017154
481.221905903
482.071290313
482.919385197
483.76894216
484.615707462
485.465488202
486.312149457
487.161643533
488.010963583
488.851070582
489.700168074
490.548540936
491.392801239
492.238464886
493.084028451
493.932042357
494.780042396
495.62901373
496.474099898
497.318616032
498.167082665
499.016322748
499.861919607
500.707529259
501.553821243
502.405533888
503.250628332
504.10024493
504.950110107
505.799680014
506.649531327
507.497981157
507.5474865
508.397318451
509.24694126
510.096563855
510.933466185
511.782983647
512.631914116
512.677018467
513.523943142
514.372478356
515.154907385
516.002360244
517.240798131
518.46182675
519.673720809
520.528893155
521.339929473
522.187742772
523.035981642
523.881451319
524.726281483
525.572738714
526.422154494
527.271232569
528.119400642
528.967623303
529.813614761
530.663139532
531.512357497
532.358832125
533.207492572
533.254047297
534.101588581
534.896977135
535.741897318
536.905329116
538.137809534
538.187715576
539.036902138
539.8867633
540.736575972
541.58647207
542.436432549
543.286339083
544.136231746
544.185997047
545.03589009
545.884133391
546.733732121
547.583618728
547.63357292
547.683488368
548.533354406
548.583197248
548.633070319
549.482626915
550.332571659
551.182210005
551.232077633
552.081931945
552.931362646
553.781091398
554.630946275
555.480800079
556.330231364
557.17916497
558.024383298
558.874293677
559.724002338
560.573366428
561.422820069
562.272633634
563.12216033
563.971951459
564.821361779
565.670596949
566.518683388
567.368405819
568.217853141
569.067558839
569.11741533
569.967073371
570.816382233
571.666268623
572.515829819
572.565601138
573.415489495
574.263753858
575.113282746
575.962359351
576.811958306
577.661731801
578.511335723
579.360967225
580.209640352
581.058882949
581.902363882
581.951602981
582.799743361
582.848290745
582.897792869
583.746240053
584.591505301
585.440824914
586.289116222
587.13727561
587.985036729
588.833986411
589.68247364
589.730078123
590.546659211
591.395332544
592.412195527
593.472255522
594.322215925
595.172189589
596.022015907
596.072010739
596.921981765
597.771954092
598.621933237
599.471892963
600.321836863
601.171818544
602.021784924
602.871692187
603.720012372
604.569517897
605.417530579
605.467508648
606.317451671
607.167400519
608.017373146
608.867337094
609.717311598
610.567207598
611.417128415
612.267095171
613.117015587
613.966988689
614.016955598
614.866813219
615.71676206
616.566728505
617.416668625
618.266589627
619.116552506
619.966523231
620.01648138
620.86645029
621.716407593
622.566356211
623.416303974
624.266283989
625.116203118
625.9661697
626.816072588
627.665987182
628.515957345
629.365640615
630.215617109
631.065576861
631.915566245
632.765525502
633.615470387
634.465340081
635.31253896
636.162485317
637.012450867
637.862272091
637.912262965
638.762216169
639.612144234
640.462061659
641.311969298
642.161688623
643.011652134
643.861614814
644.711349345
645.557740244
646.407702719
647.257646821
648.10760179
648.957558715
649.807496782
650.657462732
651.507386556
652.357295841
653.207244119
654.057213671
654.107147791
654.157138406
655.007068195
655.057053222
655.10698649
655.956827918
656.806671715
657.656626324
658.506544408
659.356368629
660.206324279
661.055774518
661.905640855
662.755588813
663.605522417
664.455191431
665.304708743
665.354363804
666.204284232
666.254202047
667.104075631
667.154009567
668.003881936
668.853315637
669.703299201
670.553201389
671.39373917
672.243679844
673.093134748
673.919613496
674.769129502
675.615784093
676.460743755
677.314548796
678.160893388
679.010432558
679.858059884
680.707649277
681.524559327
682.338478891
683.184564562
684.07781678
684.936191232
684.984387699
685.834307246
686.684120505
687.533861027
688.383742068
689.233458113
690.083187337
690.13293762
690.982810049
691.832744578
692.682621552
693.532443793
694.382373671
695.23221604
696.082177948
696.931731496
697.781615156
698.631512941
699.48140781
700.331312677
700.381287482
701.231204253
702.08110059
702.930847496
703.780242562
704.630018455
705.479963957
706.32958528
707.179442272
708.027450905
708.877339853
709.727258734
710.576852512
711.423339441
712.271620249
713.121577993
713.970927423
714.819489995
715.669296729
716.519133854
717.368816285
718.218239484
27317.5862882
27047.1980416
19201.4041174
19205.228218
19196.9239242
19188.7206707
19180.6023256
19172.5680129
19164.6350902
19156.8086967
19149.0803511
19141.4420144
19133.8887932
19126.4176944
19119.0266672
19111.7141335
19104.4787689
19097.3193956
19090.2349277
19083.2243414
19076.2866579
19069.4209328
19062.6262497
153.134684581
150.879546555
151.997918729
151.555632826
151.583252246
151.822946417
151.224910098
150.570541654
149.750727289
150.700001699
151.634114102
150.768453398
151.482999475
150.88752759
151.5747697
150.858265538
150.151076263
150.75719405
151.75452598
150.746604138
150.641494954
151.08215434
151.314468973
150.269426125
151.1182709
151.012751535
150.475153058
149.918368487
150.731128281
150.640113422
149.800621852
150.631811084
150.028384956
150.822570351
150.606609064
150.069552293
150.716270276
150.939416887
149.943709744
150.530338598
150.865148604
150.048817404
149.726113279
150.704962888
150.085185633
150.090021648
150.548338244
150.477951155
150.756741745
150.1460953
150.384072085
150.415230203
150.407778126
150.293030147
150.567789596
149.815526366
149.750497472
150.620469684
149.841973296
150.725342403
149.557770005
149.277821945
149.894386773
150.132787971
149.086278792
149.420847297
149.505145655
149.654019031
149.920412123
149.6307148
150.511011657
150.779882693
149.91030712
149.390260162
149.681019325
149.535346881
149.821671383
150.09781535
149.443302509
150.181308034
150.114961739
149.160994946
149.477374902
149.264244352
149.548927941
149.57566571
149.937561421
149.119967762
149.820076931
149.842978915
149.034193858
149.517141716
149.642899632
148.917155074
149.056018224
149.206733662
149.661043112
149.324797706
148.677928033
149.103052037
307.366017923
306.722569296
306.038661607
306.098351759
305.513957705
304.86036865
305.177342114
304.632247248
305.334314157
306.36307704
305.557304292
304.568626199
303.821556708
305.02939221
306.147297036
304.780057507
304.694588861
304.709369969
303.921343104
304.025794917
303.538456656
304.690371792
304.048254454
304.384255848
304.504375962
304.271691127
304.811396196
303.841446547
302.98766286
303.427050669
304.239591229
303.528480896
303.855882247
302.666143133
303.297629794
304.183481852
303.661949546
303.465654641
303.385665434
303.009702451
303.133386073
303.149434603
303.307059307
303.300574424
303.174420224
302.730726822
303.624717039
303.26992794
303.413242593
302.277935604
303.615869209
301.44187208
301.896064992
303.112442422
303.508158325
302.350181074
302.918265265
302.366738953
302.395614619
302.233259852
302.941629785
302.01202512
302.150500905
303.354942115
301.577639318
303.025597453
303.245301274
302.701501786
302.68699048
302.555372796
301.14477007
301.114092019
302.126618655
301.487214266
301.200800781
302.274734183
301.342191478
299.882591319
299.220950099
298.674891812
298.896406139
298.985763469
299.07492973
296.152146401
283.856082565
286.50715014
286.87936982
288.800620188
285.234747557
287.846251711
296.45479766
297.144025382
296.092355382
297.801974878
288.971808939
292.11180867
289.230001512
290.57029914
287.873217066
290.234872199
289.635374419
290.279543779
291.102572858
286.881413046
287.196773477
290.865550029
290.714671323
291.860181723
298.260480606
298.950336972
298.246092468
298.765671405
298.28630252
298.496081235
298.159346187
298.306500267
297.83314549
297.68482116
296.715706529
297.284649278
297.951158711
297.725565575
298.575989881
297.787158529
297.355645397
297.912656936
298.304635882
297.962245057
298.078901228
297.777954349
297.531151753
298.33673209
297.081308093
298.394558238
297.812310737
296.960213388
297.907974208
297.16936936
296.978748162
297.908232449
297.67031956
298.229288033
297.80597579
298.332074518
297.360866773
297.248040325
297.611210891
298.173606525
297.592053937
297.833032913
297.598496003
296.475635562
297.785545265
297.966230517
297.070087293
296.586536073
297.142492094
297.920378635
297.4817959
296.952903413
297.5039036
297.017709458
297.534664441
297.14407047
297.68310911
297.404365338
295.970962958
296.479716936
296.96962258
296.060951609
295.953052834
296.893641289
297.358147913
296.12416644
297.633943397
298.339973415
297.252369171
297.566641876
297.545380103
297.252878711
296.164518484
296.999254643
297.682238434
297.847745445
296.090289682
297.003670085
296.765626437
297.714147445
297.206400856
297.783672636
297.047639593
295.829586237
297.075577126
296.701844492
296.415680862
297.183556462
296.864963271
296.205984529
297.345002972
296.964082856
297.728207289
296.60387859
296.706006647
296.864611028
295.584081975
296.713209943
295.659793516
296.288664471
295.615968269
296.446654212
296.821534166
296.862272044
296.707759083
297.114094407
296.142583375
296.835412677
297.067414099
296.293284805
295.98688447
297.602433487
297.574341413
295.749447749
296.156311173
295.71566203
295.978855519
296.712384867
296.243836566
295.76064615
296.314103273
297.612604177
295.868640457
296.962117749
296.411568744
296.439242295
295.352309292
296.20629361
296.556137495
297.776656943
296.138323148
297.409701826
296.958056044
296.018155021
296.68162507
295.860737968
297.749587243
297.067831364
295.031748196
296.987647273
297.606215813
295.880236996
295.486223178
297.094633588
296.786822945
295.934926892
295.950705903
296.667421234
296.617254231
295.7458647
296.473027996
296.478826341
295.264474422
296.842215566
296.152576883
296.096891783
297.070298166
295.219229596
296.651846176
295.936394886
296.405688585
296.110986137
296.725082902
296.594781669
296.897456141
297.215378166
296.531173219
296.920525036
296.476580439
295.839633151
297.483018338
296.009007349
295.910512181
294.622830119
296.520427232
296.021904259
296.143851323
295.982022107
295.646027791
296.21863567
296.728802246
295.717086334
295.139786801
295.626987549
296.898222295
295.985845764
296.395845963
295.417997377
295.987812169
295.160762684
295.74218752
296.126212337
296.201921358
295.425345296
295.702174845
295.973863617
295.72600846
296.334632924
296.138090715
295.640569643
296.073829166
296.366849564
295.346002575
294.984597936
295.439877505
295.787861121
297.09939585
296.254371666
297.197128787
296.500543691
296.844135354
296.509191724
295.438643903
295.98538401
295.983569584
295.524932315
295.934372306
296.305332034
295.993371911
296.043764776
294.727790783
296.812184043
295.133496412
295.796505663
295.869913478
296.878932471
296.09334597
296.175588993
296.436418341
295.666510874
297.212908526
295.60867556
295.200515266
296.232506276
296.496920705
295.382908271
295.947097127
296.514627778
295.81805694
295.20389273
296.466858053
296.472022068
296.369235343
296.244269796
296.923662263
296.314335011
295.055109064
295.41290546
294.886101724
295.317602847
296.00742611
295.98444517
294.994349825
296.626913403
295.464033128
296.175285172
296.096767977
295.33129137
295.371422253
295.879897291
295.850552503
296.130670403
296.171233994
295.931576228
296.299301602
295.687692612
295.659902441
296.144227943
295.664771382
295.502192528
295.904791022
295.788925543
294.981737179
295.945200968
296.411940825
297.004087255
294.406679854
295.099202649
296.767635226
295.191247585
296.05637401
295.334151616
295.789921666
296.085803637
296.697065825
296.17821288
295.054049552
296.037805891
295.720448473
295.774509426
296.149559369
296.141296923
295.941319725
295.616694948
295.847403869
295.629817547
295.429659042
294.909007604
297.018137993
296.085554079
296.210259524
296.466985295
296.816465037
296.587127572
295.781581924
295.731993677
296.357144055
295.362356019
296.463763162
295.401458678
296.033664046
296.170195549
296.050284602
296.100109302
296.19760529
296.048592816
296.061101546
296.123502384
295.615421444
296.342990616
296.718813258
296.009189321
295.880122982
296.034555317
294.893377456
295.673468432
295.756362873
295.705009544
295.54398378
296.990538264
295.155825669
295.725063686
295.884216907
296.247585234
296.31233539
294.69782335
295.289845554
295.129658252
296.269300402
296.37407697
295.772912777
295.288361738
295.502585703
295.130736947
296.088113895
296.328432248
295.912094203
294.487527032
295.602635673
296.301290025
296.555238952
296.641560698
296.037553139
296.120227447
295.477040497
294.451570835
295.588627915
295.671054898
295.733557819
295.72243496
296.404882052
294.214002748
296.534470312
295.79677098
295.754625019
295.978400248
295.973161504
296.129237924
296.20826432
295.740298883
295.852929844
295.108722218
294.949046129
295.227031762
296.37741183
295.839231417
295.913838001
294.821309812
296.499268453
295.676874449
294.668413041
296.394467261
295.345739508
295.179456649
296.019436789
294.865138136
295.976324498
295.087858572
295.643642795
296.17215451
295.709983387
295.052657495
295.832467289
296.529372256
296.113259981
295.921553247
296.027516181
295.450437846
294.927044584
295.171171115
296.310151643
295.619116211
295.783168222
296.209415755
295.486726871
296.223993762
295.75684011
294.528676881
295.687093951
295.823418505
295.36954755
295.954661238
295.024327622
295.195360152
295.666636043
295.466584834
295.595588286
296.068153788
294.856510364
296.907656688
295.409852085
294.895872525
296.442453599
295.431935296
295.986859509
295.721230976
295.46213333
295.120565434
295.672440383
295.678802732
297.010979736
296.01991879
295.723601033
296.452254904
296.501864148
295.196154879
294.791308009
296.162994205
296.624455919
295.772346653
295.444746786
296.045461837
296.094930143
295.429392122
295.779686272
295.330811904
295.087872288
295.449395652
295.602823283
296.147513265
296.04542732
296.311615739
296.490658807
295.642081704
295.946292942
296.269381509
294.920089861
295.271948539
295.670519333
296.157372046
296.208165723
295.165302699
295.095636412
296.387596875
296.420418548
295.738243496
296.855132361
294.059542355
296.711176819
296.377577935
294.709017381
295.162639361
295.005313565
295.735544042
295.272738653
295.858076799
295.071247338
295.714211522
295.31634282
294.713586275
296.0230848
295.502362923
295.91072313
296.088342569
296.214954357
295.841206724
295.979112959
296.671842816
294.858958765
294.616852547
295.206870507
295.250769462
295.540631779
296.144138652
294.962365016
296.167814994
296.563962932
295.604607771
296.259055447
294.793531274
295.07943819
294.717916641
295.371824186
295.243808713
295.657996514
296.252687214
295.776144156
295.713708371
295.989199348
296.426280628
295.674176195
296.369997836
295.851675424
295.546919735
296.06339484
295.544167323
296.163453291
295.72053802
295.584865799
294.544995729
295.513935619
295.849094916
294.916138425
295.908705926
295.225549441
296.499396279
296.332065324
295.776288716
296.860316005
294.081901661
295.600498637
295.663624096
296.058984799
296.002259162
295.917846457
294.824780487
295.60275369
295.858937375
294.349145526
294.613547759
295.697360479
295.95244957
295.544733798
295.758322932
295.448030865
294.896014601
295.258762461
296.050063409
296.1532468
295.442489732
296.225582656
296.424790038
295.589568821
294.094882803
295.954377829
296.169836741
296.215366186
295.514656768
295.788860336
294.575644607
294.621433276
296.208951993
294.858657881
296.093609715
296.201508848
295.398332339
295.68694294
295.18427074
294.483721193
296.512953095
295.830610889
295.909265753
295.472299419
295.504458587
296.259031703
295.154430373
296.923549194
296.295634424
294.926498545
294.674020786
295.473637163
296.501485862
296.182403308
296.704728278
295.38992938
296.07415046
296.932754222
295.448222339
294.917837704
295.245955122
295.383259963
297.035801175
296.160983201
294.622102629
295.578962801
296.257485243
295.783025927
296.748116126
295.760066104
296.784925514
296.14337095
295.355136683
295.157969061
295.616644877
296.265921249
295.506240921
295.786943416
295.732334973
297.179554788
295.893720688
295.426764201
296.575628087
295.636443371
295.507514158
293.911771702
296.07272559
295.474790384
295.391686033
296.380956685
295.52248255
296.953713474
295.818205347
296.016493022
296.015814603
295.2280645
296.411880384
295.580579422
294.551340157
295.659648664
295.601046283
295.384321762
295.100139162
295.85086355
295.649536826
296.345870291
296.751394157
296.064257636
295.348862014
295.247111201
296.453460776
296.119640284
294.136277281
295.114790922
295.839864962
295.407697845
296.484922359
296.372659732
296.564770802
296.820761892
295.656172228
294.546289066
297.074370872
295.533675992
296.31691866
294.238676959
296.214414965
296.583069001
295.99190479
295.511463675
295.130664833
296.125994896
295.577653009
296.522862695
295.337924431
297.163474898
296.277286424
296.366005421
295.02322735
295.167611132
295.40450869
295.449942746
296.61707869
295.979982347
295.206935675
295.437170604
294.965134111
296.103138955
295.645525504
295.451709065
295.594479307
295.952089231
295.550411965
296.211673535
294.713752346
296.471060889
294.564982603
296.004188054
295.822387953
295.510419415
295.496333608
295.943792619
296.406140245
296.208911758
295.912313766
296.385071737
296.24605925
296.032573555
295.593811201
294.308191898
296.080105074
295.087328809
294.873087719
295.410580801
296.197825913
296.203536087
295.537649772
296.326171574
296.122216665
294.539745002
296.800993936
296.0715223
296.034026231
294.883948311
296.695234365
295.112057184
295.894658508
294.371324427
294.658865164
295.707708415
296.130550953
296.439944988
295.053350313
295.291410897
296.429741513
295.22690782
294.121840042
296.434264509
295.818982926
296.240535478
296.277562138
296.191678561
296.517139304
296.888842188
296.702079646
296.155985833
295.788216888
295.334627788
295.863859677
295.472318101
296.996246889
296.776001083
295.009611793
295.552640865
295.520106174
296.255223059
295.635329353
295.224714254
294.955794041
295.851632264
294.296391621
295.492126592
295.773025314
295.145601269
295.884372515
295.106395078
295.54037633
296.758883218
296.647194665
296.317298602
296.51842332
295.135533097
295.756390818
295.419134591
296.584572739
295.629038429
296.255503643
295.863200015
295.652082542
295.309989934
295.425700006
294.830886127
295.611620666
296.135552279
296.316457385
295.688123276
296.187813994
295.171583506
295.512890726
295.491055571
295.068078582
295.768162919
295.728277718
296.280483356
296.538734631
295.726462781
295.417803378
295.367042231
296.358841275
295.331687607
296.248043392
294.7673298
295.96918875
294.901407456
295.586751134
296.11354587
295.610152648
295.725476633
296.01612508
295.934406957
295.921491185
294.987232036
296.577086345
297.017023677
295.914011189
296.54401164
294.074405908
295.498305057
295.025298751
295.947696253
296.183583466
296.272967973
294.521321101
295.651816139
296.517996711
296.031748557
295.857749906
295.746463269
295.405315859
295.696739655
295.885684417
297.259772448
295.145616605
295.555535386
295.84859293
295.207447956
295.216533429
296.143796629
295.443909866
295.81076914
296.075407869
295.438182329
296.348906581
294.983613505
296.054083974
295.590003
296.220736153
296.192993298
295.690825347
296.373237986
295.13563539
296.977510705
296.00475525
296.279228064
295.471538443
296.192767071
295.190842911
295.71644893
295.817244003
295.597377992
296.095641159
295.589420806
296.771818894
295.566670893
295.844734425
295.744314091
295.384825631
295.758868528
295.513130017
295.766102944
295.384400629
295.785073196
296.6303521
295.707206699
296.566584683
296.022137831
296.069499688
296.645287771
295.751409961
295.564410199
294.840827911
295.208360365
296.324880531
295.489882565
295.790385603
296.589825813
295.301449453
296.047836015
296.617310432
295.398209932
295.932657087
295.029067312
295.447381064
295.830944826
295.70431329
296.183695956
295.56312866
295.938294319
295.540279722
296.051737092
296.355248497
295.553330594
295.885220259
300.353640574
298.901574247
298.716970412
298.188199006
297.818132745
298.746775244
299.700081429
300.05732932
299.272862124
298.847783204
299.266942896
299.96440383
297.618656166
298.194357758
297.627536669
297.380123098
297.691162144
298.499011816
297.303168206
297.097318114
297.489965481
298.174520339
296.964118614
298.149427696
297.542451992
297.570023528
297.63175497
297.446836457
296.800553704
297.628579747
297.157813218
298.070001939
297.21690188
297.949839371
297.225249107
295.999755514
296.68595534
296.565771769
297.22368415
297.230123771
295.428494061
296.3375588
297.667110234
296.787155598
296.667483994
296.327706979
296.753479809
296.306205607
296.28078761
297.926328569
296.279419691
295.969573317
297.472548939
296.005693975
295.772909065
296.08965081
295.507257703
296.200632176
295.896555827
295.575758437
296.435143353
296.367678544
295.916142023
296.100804202
296.845257602
295.59382091
295.267511325
296.474369348
296.506618515
296.053084661
296.526195927
295.358319576
295.605418177
295.850216995
295.83722766
295.500459881
295.197054889
296.283444507
296.139625134
296.270749648
295.702681972
295.242590616
296.230263418
295.720210716
295.51920263
295.469353708
295.905791321
295.306261925
295.678671799
294.690834958
296.178998729
295.071313294
295.212255997
296.631732161
294.87487761
295.063107002
294.871245037
295.306200083
295.539008004
295.0806286
295.506155975
295.536881518
295.086901275
295.280127958
295.122971261
296.072315977
294.529894995
295.569287422
295.370261457
295.138343682
295.599096632
295.397904106
295.050771361
295.145333879
295.079530735
295.410949058
295.468854479
295.106862121
295.606815257
295.059015299
294.623327302
294.874036468
294.018484682
295.836160445
296.185620311
294.802139146
295.596095612
294.659109808
294.91864034
294.765477405
294.071128144
294.577764841
295.542169131
295.19131077
294.0373918
294.196245661
293.705735954
293.943082481
295.286646109
294.937031585
295.13814972
294.053874832
294.983539665
294.060307312
293.721307937
294.982774869
295.087025573
294.849405035
294.71737933
294.914232615
294.743180894
294.177758699
294.863911659
294.672313358
294.410006013
294.752028745
294.148748712
295.051093961
294.03996369
294.850460266
295.054642106
294.731094538
294.174823359
295.243635639
294.049464952
294.094472029
294.538404995
294.105102995
294.825073816
293.928794616
294.548385027
294.445367434
294.003657607
294.689774789
294.432711698
294.515179892
294.762597451
294.279528144
294.225744465
294.464755334
294.434865246
293.792337827
294.150924435
294.494000434
294.160615686
295.073660785
294.038909191
294.100152091
294.635691914
294.123451649
294.434505182
294.005898335
293.650133815
294.186084188
293.334678745
293.636738038
294.716994558
294.032899958
293.684001264
294.469144397
294.65750172
293.582022678
294.097973987
294.259794164
294.19714139
293.459487415
293.888551954
293.433739591
293.953753844
293.713710171
293.371968721
294.48231555
294.710102569
293.970370367
293.587514672
294.265272105
293.754998131
294.14769044
292.951178112
291.649379459
296.156692369
294.950858021
294.979746202
295.040321301
294.729910263
295.042622472
294.92789319
294.378297442
294.798132642
294.438830114
294.570582952
294.77763545
295.061638442
294.743648923
294.81344602
294.771605567
294.824151697
295.303868974
294.399908913
294.621884733
295.459069076
294.895015912
295.072451622
294.75999795
294.464540436
294.109154996
295.478018364
294.307408867
295.146859713
294.983349265
295.37342718
294.694359753
294.462252699
294.919428106
296.040984471
294.598912123
294.467992585
294.301485914
294.857486572
295.827185518
294.641384053
294.823850208
295.695051154
294.313927811
295.161707141
294.327160413
295.527946793
294.961155078
294.015619653
295.677241169
294.341079776
295.239767044
294.844927008
294.501523505
294.728342207
294.183773888
295.16903083
294.882857982
294.596906858
294.018918192
294.006046843
294.368849303
294.385157254
295.697075626
294.760746996
295.514444277
294.454532227
294.792067917
294.42551256
294.260496947
294.067517415
294.915265978
294.658469226
295.394855344
294.848737088
295.13465435
295.34902891
293.881664738
294.690086265
294.711468085
295.222243422
294.307670755
294.701854259
294.916491869
294.289535926
294.938722024
294.24756059
293.975890886
293.898932705
294.345028399
294.512457958
294.705229376
294.695550923
294.90626975
295.342718421
294.580153638
294.505406422
294.815103115
294.031702065
293.848743513
294.256281492
294.013508731
294.770632039
294.562072103
294.184318967
293.975622411
295.132673836
295.042975975
294.207456194
294.888702723
294.594618461
294.475636157
294.102053143
294.34696321
294.716566419
294.751173051
294.514324647
294.506005581
294.605575134
294.760576153
294.087720447
293.868244568
294.538874903
294.01347241
294.371170004
294.556122368
294.170934648
294.619645779
294.43163006
294.502974587
294.365353411
294.647330968
294.69899932
293.424068095
294.377472446
294.065609771
294.332951895
294.589991662
293.953755712
293.666538333
294.462388321
295.418175671
294.244111437
294.562786343
294.353111992
294.453978035
294.531153932
294.225138832
294.650095624
294.164515933
294.441632705
294.571205404
293.977006768
294.279205005
293.989202061
293.12919752
294.174554087
294.693119973
294.344035231
294.585502939
294.174134064
294.469397673
294.686997544
294.573171208
294.352847844
295.311121735
294.5693075
295.026560351
294.520613817
294.811554904
294.923114329
293.748828967
294.208970242
294.867256919
294.671780181
294.274318412
295.266071074
294.212432051
294.172189707
294.56664082
295.065131189
293.99484599
294.0095482
294.638092861
295.370468252
294.191665267
294.444102416
293.721386949
294.614066061
294.463526201
294.998536463
294.649033301
294.649946652
294.963316356
293.480164918
294.270684873
295.170615471
295.162727119
293.594571371
294.394768838
294.844650196
295.243203964
294.328769921
295.362092392
294.566504585
293.57883515
294.82701516
294.42660667
294.424230922
293.986552184
294.169906349
295.39551865
294.576557
293.725833287
294.956571342
293.696185801
294.206250559
294.652563423
295.144822219
294.530109643
294.601480879
295.152179926
294.880404252
293.42923738
293.914061186
294.045697224
304.174347703
301.905703656
301.742292959
301.936654605
300.378473794
301.325854949
300.751027563
300.998271609
301.868887732
300.792324753
301.636929241
300.79816002
301.178821342
300.522378101
300.469097101
299.779500598
299.729168541
299.136149646
298.269498278
299.175603671
297.412939098
300.081599966
298.903233631
298.156340229
297.293805806
298.937298806
298.895093899
298.943944485
298.841263671
298.548980549
297.363133572
298.721017859
298.540627774
297.312322099
298.832670263
298.452922806
298.061836723
297.437722826
298.757678736
298.883556187
297.87080253
297.331837352
297.253030712
297.213010423
297.784518187
297.507618451
297.894752651
298.229333002
297.802261292
297.052398063
298.283367858
297.655713229
298.689611879
298.285571942
297.821799531
297.771119452
297.224109626
298.010890071
297.320472713
297.866875193
298.365125783
296.857634816
297.310848401
297.838131523
296.705498605
298.451098141
296.614698886
297.170131902
296.050238493
297.033403551
297.230008307
297.999566148
295.918017192
297.464490556
297.148822563
296.219500455
296.750202173
296.991158
297.204391944
297.410660872
296.830145135
296.655915452
297.281036277
295.819332627
296.985509607
296.421403017
296.127318578
296.587497786
296.803895068
297.553108748
296.742102273
296.210599343
296.970250896
296.87191094
296.629655663
297.003294415
296.110571853
296.442233762
296.753002552
296.107465653
297.175425214
295.975182134
296.274333322
296.377440985
296.130403461
295.483289867
296.021457218
296.678186375
296.569463899
296.248515047
296.368890576
296.80351051
296.643756616
296.106156131
296.046406164
296.05984426
296.140562839
296.493539101
296.09780795
295.951122233
296.136629816
295.0154218
295.950355407
296.322636608
295.907266281
296.761260806
295.495583989
295.44636385
296.001575563
295.814496583
295.430273687
295.377373106
296.384181743
295.008648284
294.56385661
296.131142596
295.239301704
295.492032572
295.1545809
295.49478259
295.204063643
297.200266459
296.067181902
295.573154545
296.256632551
294.663029654
296.134111629
296.421994352
294.903977156
295.927023542
300.181223631
299.25595173
298.502951574
298.463022572
296.965129753
297.244896801
297.698048319
297.952860832
296.852458693
286.765107501
289.483025639
287.075970279
289.436153211
287.456746606
286.948256649
289.865730641
290.518771862
290.350717931
283.075034321
285.99027957
286.458487245
289.129196612
286.276093357
288.645605548
287.394271667
288.728429435
287.974602511
287.014888041
287.700587118
287.896981555
285.407130737
287.352333943
288.50805276
279.108555125
284.311959677
286.896356984
281.165078141
280.768765479
283.701248053
281.535889789
281.785935664
281.218036979
287.150092904
281.295475411
282.234209089
278.133487992
285.927749939
279.11180023
283.35376173
277.662837817
279.136931006
281.529607158
279.563003669
281.774827003
277.938429899
279.564866907
281.136451366
279.41852384
283.224226367
279.263228325
284.680208888
281.491833711
279.694939034
285.385690072
278.672645222
278.725620827
289.156228814
284.777321974
281.753972238
283.357561474
281.148007154
283.615139686
285.865469295
286.900276895
284.483617162
282.224893234
281.894363958
277.295514005
280.903624844
280.595262641
278.304027354
279.91167675
281.923017729
280.375550709
278.09461912
282.631273495
279.989245037
277.988697984
280.835532167
280.682748909
279.906419268
279.691348941
281.069567762
282.413232202
280.983050153
279.971351668
280.028893703
281.826847737
284.600651402
288.03698444
284.813108153
283.156412512
286.070129373
285.986532248
281.248599099
279.59057275
281.859427628
285.198417354
283.231794662
284.37615727
286.941033752
281.120496741
285.672610768
284.012816319
286.068296048
284.185620899
281.127300435
283.011419133
284.763610989
287.722711982
281.817328518
286.624228365
282.860835335
284.973819702
284.207187728
285.597873719
287.24534384
284.463452635
285.090938069
279.638318222
284.691417579
285.583930641
289.580848481
285.334407866
283.886387427
283.99768058
284.5635832
287.752290266
283.400669122
284.929575515
286.511045016
287.599050815
289.081464804
287.882621408
287.961499427
287.373131568
285.820013112
287.618678279
285.882074767
284.405269588
